[app/install/install_source_checksum]
version = 7.2.6
modtime = 1580266440.201404000

[alert_actions/pagerduty]
version = 7.2.6
modtime = 1581116903.557895000

[app/install/is_configured]
version = 7.2.6
modtime = 1581116903.567235000
